1234567u
123456
1234567
1231212131
212312424142
4121535135

1234567u
123456
1234567
1231212131
212312424142
4121535135
1234567u
123456
1234567
1231212131
212312424142
4121535135
1234567u
123456
1234567
1231212131
212312424142
4121535135
1234567u
123456
1234567
1231212131
212312424142
4121535135
1234567u
123456
1234567
1231212131
212312424142
4121535135
1234567u
123456
1234567
1231212131
212312424142
4121535135
1234567u
123456
1234567
1231212131
212312424142
4121535135
1234567u
123456
1234567
1231212131
212312424142
4121535135
1234567u
123456
1234567
1231212131
212312424142
4121535135
1234567u
123456
1234567
1231212131
212312424142
4121535135
1234567u
123456
1234567
1231212131
212312424142
4121535135
1234567u
123456
1234567
1231212131
212312424142
4121535135
1234567u
123456
1234567
1231212131
212312424142
4121535135
1234567u
123456
1234567
1231212131
212312424142
4121535135
1234567u
123456
1234567
1231212131
212312424142
4121535135
1234567u
123456
1234567
1231212131
212312424142
4121535135
1234567u
123456
1234567
1231212131
212312424142
4121535135
1234567u
123456
1234567
1231212131
212312424142
4121535135
1234567u
123456
1234567
1231212131
212312424142
4121535135
1234567u
123456
1234567
1231212131
212312424142
4121535135
1234567u      1234567u
123456
1234567
1231212131
212312424142
4121535135
1234567u
123456
1234567
1231212131
212312424142
4121535135
1234567u
123456
1234567
1231212131
212312424142
4121535135
1234567u
123456
1234567
1231212131
212312424142
4121535135

123456
1234567
1231212131
212312424142
4121535135
1234567u
123456
1234567
1231212131
212312424142
4121535135
